40
100
73
89
107
90
99
91
93
94
75
81
83
98
90
84
80
74
88
87
72
82
79
94
85
95
90
84
75
91
83
80
90
86
89
95
77
77
82
89
87
86
91
83
98
57
94
89
86
89
83
75
96
68
94
67
97
87
81
71
95
68
71
93
90
74
87
71
81
80
88
86
84
75
97
75
75
84
97
77
77
95
71
88
91
93
80
96
80
87
101
89
100
94
94
103
81
72
79
83
94
92
78
82
94
87
64
90
86
100
91
88
88
83
101
87
80
87
105
97
66
96
85
79
74
83
94
90
99
84
78
75
65
79
85
94
96
86
86
88
83
108
83
80
69
101
96
80
93
91
83
89
77
78
96
85
83
93
95
87
81
90
99
79
74
87
91
96
84
75
80
84
77
85
86
79
87
97
78
70
85
95
74
79
114
87
82
81
84
83
85
73
68
83
103
94
98
94
72
91
71
102
99
84
92
73
72
88
93
84
106
69
98
101
91
75
81
82
69
79
74
82
90
94
80
88
87
93
73
79
80
85
93
80
68
82
71
85
80
93
70
78
90
73
87
93
84
74
95
93
83
78
82
84
77
82
73
97
79
65
100
83
82
78
96
70
85
87
92
63
66
87
101
72
79
89
86
103
97
82
75
85
101
82
80
81
82
89
78
103
90
88
79
83
90
85
85
87
90
75
82
73
79
83
81
86
82
86
83
91
79
87
78
83
97
75
77
83
87
74
89
77
88
77
87
77
77
94
99
78
102
86
93
80
91
67
88
80
77
85
73
92
78
81
82
73
80
78
79
76
89
94
82
82
96
89
93
79
90
83
96
83
88
68
80
77
93
86
93
91
77
90
89
91
79
93
86
78
87
83
77
89
87
67
85
102
74
81
87
85
84
82
84
105
88
92
77
96
100
74
100
78
91
73
83
82
77
81
76
91
83
80
85
88
84
92
91
83
95
81
88
75
74
83
84
78
94
85
95
89
82
84
66
80
91
90
93
91
91
87
74
74
91
87
71
95
82
89
92
92
82
84
88
88
91
80
94
94
74
95
79
85
83
79
74
100
75
84
94
83
82
80
85
87
91
89
75
70
103
77
86
85
86
91
87
105
74
80
79
83
102
97
82
88
86
86
83
82
90
82
83
86
73
95
94
80
92
85
87
86
80
69
90
80
79
65
91
78
95
78
95
94
86
73
89
68
99
85
95
89
86
83
98
96
88
72
81
75
79
83
86
76
85
75
95
75
108
78
90
92
80
88
81
89
71
102
64
78
76
85
89
76
86
84
90
72
84
77
75
74
95
92
100
82
93
80
91
80
90
92
81
70
101
76
91
83
73
97
76
91
89
90
77
71
75
74
94
85
79
77
88
69
73
90
83
91
84
99
81
88
70
78
85
104
101
75
82
76
84
100
73
79
74
88
89
89
73
90
88
91
82
86
88
95
93
85
75
112
79
91
94
95
74
86
76
84
74
75
72
70
93
82
85
72
97
78
94
75
86
71
100
91
89
72
96
77
92
91
99
90
84
77
76
74
66
73
86
89
72
94
87
70
74
77
97
101
100
85
79
66
83
93
73
70
94
97
79
71
83
84
81
72
71
76
80
98
88
87
83
81
77
76
96
73
86
67
86
89
83
99
96
82
92
83
97
83
95
79
91
83
75
85
71
83
88
105
82
86
76
79
91
94
77
88
84
70
85
75
104
60
81
76
81
82
85
57
94
101
93
78
92
90
99
85
101
79
83
93
93
97
82
84
81
89
88
60
108
82
91
75
80
93
77
90
58
96
79
87
72
81
61
91
86
85
88
88
91
71
90
88
93
91
94
78
84
98
82
86
79
80
73
77
89
84
103
83
81
87
76
84
69
86
78
84
89
81
78
85
82
89
75
83
71
80
87
71
85
83
87
89
81
83
90
78
82
96
93
86
98
67
70
86
76
88
81
88
83
96
76
105
80
91
90
76
90
85
92
82
78
84
86
92
85
86
76
82
88
72
94
79
101
88
69
81
94
79
88
75
86
83
83
92
94
78
81
91
87
83
87
81
91
114
84
79
78
84
88
97
89
72
99
91
68
110
74
90
83
94
97
95
76
100
83
96
99
98
87
78
92
82
84
93
79
74
82
85
76
92
74
94
89
81
85
98
73
87
74
82
79
81
77
101
106
101
85
70
91
93
77
89
86
83
88
78
108
94
88
90
89
89
72
87
83
77
92
81
78
92
88
71
86
91
77
73
68
87
87
87
77
77
87
78
86
81
74
73
90
80
96
82
75
83
85
88
94
68
87
87
93
77
93
83
87
90
95
87
88
76
80
96
81
89
92
87
101
93
101
86
94
92
80
101
82
89
77
105
75
85
94
75
91
96
85
81
92
87
87
66
95
85
105
98
82
86
99
89
85
97
87
69
86
73
102
73
79
89
99
88
85
85
82
86
96
95
95
82
81
86
76
102
96
101
82
67
83
94
84
86
91
75
85
87
93
84
90
84
77
93
81
76
78
98
88
77
93
77
94
74
82
87
76
83
86
93
86
74
73
88
93
101
87
95
82
65
93
82
83
96
80
86
86
80
81
81
87
86
82
81
83
76
75
66
77
82
96
72
89
57
83
88
85
83
76
85
96
105
90
79
86
88
83
91
92
106
74
100
77
83
84
90
70
81
78
94
71
89
81
89
94
95
79
78
79
86
65
83
78
86
92
93
78
89
91
79
81
98
79
85
76
77
80
66
101
91
85
83
82
86
84
83
63
70
86
74
94
88
69
76
79
85
81
89
87
85
72
79
79
86
87
72
78
83
74
98
93
78
81
88
96
89
96
93
67
85
81
67
84
80
90
72
92
86
95
68
94
101
88
95
106
83
73
80
91
84
85
106
71
78
83
98
81
95
86
83
86
99
85
85
71
96
87
82
76
89
103
77
80
76
80
64
92
86
94
89
91
88
91
85
84
73
74
73
85
96
75
80
71
82
88
82
65
85
87
80
98
76
81
82
67
72
104
104
91
80
85
85
64
72
84
87
86
87
87
91
88
103
73
82
85
58
74
101
95
74
75
90
95
93
79
82
96
78
91
90
91
94
75
73
69
91
85
79
73
91
94
82
70
82
89
91
85
74
88
114
83
78
77
69
89
74
96
77
81
72
79
87
85
92
65
95
82
70
91
95
98
80
79
99
78
87
99
70
85
93
98
86
77
75
86
73
91
85
88
69
74
83
81
97
102
83
79
64
90
82
79
101
81
81
89
90
82
75
84
95
70
81
85
104
89
75
89
93
75
79
89
88
79
98
97
76
82
86
73
83
91
86
87
72
77
84
75
90
78
74
84
73
85
114
90
90
81
94
89
89
85
90
75
94
84
89
78
92
91
71
84
74
88
87
90
88
75
82
89
90
89
85
82
77
96
67
96
81
86
82
72
90
74
74
84
69
82
92
81
94
82
101
80
81
102
82
90
77
90
90
84
95
89
81
77
88
75
83
88
84
82
88
84
78
73
78
81
102
97
73
76
87
83
78
78
93
86
78
80
85
76
80
70
100
90
80
85
72
77
94
79
89
92
69
87
76
79
80
67
88
77
96
99
78
84
79
93
89
89
89
86
69
91
92
95
89
73
90
91
81
80
95
90
89
91
82
82
102
88
97
80
75
83
111
82
93
87
97
86
83
85
84
81
86
90
79
91
68
77
83
81
87
105
90
92
77
88
79
100
87
76
104
81
80
82
70
81
72
84
83
91
89
74
85
76
92
75
91
82
93
85
79
94
87
85
89
91
82
77
85
81
78
89
82
95
94
85
75
113
62
104
92
94
93
89
94
92
74
77
86
70
79
75
86
83
110
83
84
97
80
77
86
79
97
80
92
82
77
74
72
69
91
95
97
75
83
74
93
91
82
89
86
69
85
73
83
75
76
91
102
76
78
81
99
98
87
97
97
111
81
88
103
88
85
86
93
91
76
85
102
91
90
82
88
85
89
80
88
95
84
79
94
73
83
74
71
83
88
73
96
92
77
97
93
96
78
71
85
86
78
84
103
86
91
83
83
79
92
84
116
84
82
85
88
77
77
94
85
89
96
76
91
89
80
80
80
66
73
89
78
98
104
82
98
102
92
76
84
97
87
81
82
97
75
94
84
89
91
79
73
79
68
85
88
95
87
94
87
85
91
98
71
75
82
72
89
88
102
81
88
82
78
92
93
97
80
74
78
82
94
68
87
95
78
71
85
99
89
77
99
84
85
87
92
83
83
97
86
93
72
85
86
76
79
83
90
91
83
97
81
89
79
74
73
75
88
76
92
86
97
88
90
92
81
88
78
83
93
83
76
82
82
85
72
85
81
76
112
87
88
85
87
77
86
92
73
105
98
73
75
77
86
92
85
77
89
89
72
82
90
82
88
89
94
75
87
88
80
79
78
76
86
87
76
84
74
89
85
90
86
86
84
83
79
81
79
58
94
78
95
84
72
85
73
89
79
94
99
77
93
83
94
95
82
91
79
80
76
77
70
88
78
89
82
94
100
85
100
84
78
84
73
89
92
81
103
70
80
74
76
77
91
98
82
81
104
86
99
105
91
84
98
75
106
87
88
89
77
93
87
85
102
73
85
67
87
76
72
79
78
101
66
95
79
87
71
78
83
78
87
92
91
90
77
84
81
69
88
116
77
81
72
83
85
76
89
68
80
74
93
85
84
94
103
94
88
66
83
87
88
85
67
82
68
87
72
71
95
95
101
88
94
81
99
73
79
77
83
66
75
69
82
77
79
74
89
74
82
72
89
103
96
91
84
81
78
88
74
85
72
94
90
72
95
81
84
86
75
73
78
106
91
69
89
85
77
85
76
81
82
75
83
78
98
86
81
74
88
83
81
92
87
74
97
78
75
81
84
59
88
79
69
93
76
83
88
70
83
81
76
83
82
86
62
72
86
72
84
81
78
76
85
80
85
91
89
76
79
88
89
82
100
99
83
100
84
104
83
90
88
79
76
92
85
85
85
79
85
79
84
89
82
90
84
80
91
95
90
86
95
95
88
82
67
69
110
93
81
72
93
98
99
69
77
84
90
91
71
89
78
79
89
75
80
81
84
91
86
76
87
90
87
77
85
73
87
83
91
69
92
87
91
66
77
77
82
80
85
94
97
95
83
89
88
68
78
92
93
82
73
85
93
86
76
88
87
77
87
78
80
81
93
82
67
68
78
85
77
87
92
68
96
97
100
69
79
87
73
95
94
89
104
84
80
78
92
71
100
98
94
87
75
83
86
78
70
89
79
98
75
82
77
82
76
89
75
75
75
77
82
76
81
65
92
82
70
71
94
83
78
76
84
85
102
74
68
96
83
91
69
75
81
81
80
108
86
83
89
84
90
74
77
82
70
85
99
86
98
107
89
84
74
86
88
101
82
76
86
85
89
77
82
75
89
81
85
75
75
90
76
89
85
85
90
94
84
68
91
100
88
89
88
77
80
87
89
76
70
92
81
78
90
83
77
81
69
75
90
78
86
99
93
76
95
75
92
82
84
83
89
108
80
91
87
72
77
94
89
97
78
71
94
92
93
86
86
78
88
93
78
87
90
97
82
76
74
72
89
73
67
76
87
88
95
91
91
88
89
96
88
72
80
92
76
85
94
97
84
107
71
66
84
78
101
94
88
75
82
95
93
78
87
99
90
83
90
91
89
79
79
87
86
99
80
78
75
79
75
75
81
86
79
94
89
100
78
84
80
89
81
81
79
92
94
89
70
94
96
84
96
82
96
85
93
91
101
68
86
80
87
90
100
74
82
83
87
86
79
91
75
65
85
98
89
84
79
90
90
76
95
73
73
85
82
82
93
92
96
75
66
75
73
73
89
76
91
84
97
75
87
92
98
95
70
86
79
87
81
84
82
77
100
82
88
93
103
99
86
79
93
80
88
90
85
77
84
94
85
95
68
90
63
86
83
90
94
91
83
77
100
74
87
90
91
71
80
98
84
78
95
76
82
87
81
93
83
89
78
92
85
83
81
86
100
89
62
72
67
77
95
75
77
85
93
85
79
81
86
89
76
79
100
80
92
92
85
77
62
82
80
79
89
89
86
73
90
98
83
74
84
76
85
83
87
97
93
60
89
81
83
108
81
78
82
91
82
96
86
81
80
93
84
99
79
96
79
101
75
77
86
93
75
80
85
89
96
84
89
82
94
66
78
85
102
78
86
105
82
78
109
102
94
93
62
80
79
92
82
78
107
86
94
98
98
79
70
90
86
89
70
96
91
93
66
92
86
103
78
87
96
89
93
84
97
90
91
84
102
85
88
70
93
91
95
74
74
84
92
66
85
79
70
82
99
70
75
102
79
99
77
88
87
69
89
86
70
91
70
86
75
67
89
89
74
88
87
83
83
86
80
91
99
89
74
73
76
98
93
91
105
77
80
63
79
79
101
82
77
82
94
68
92
91
90
91
77
86
75
87
88
81
79
99
85
80
90
90
87
77
89
74
100
74
81
87
89
74
89
91
82
78
71
75
84
77
96
86
88
90
78
86
80
84
86
103
83
84
88
85
75
81
94
93
82
74
98
81
86
87
91
78
81
78
87
79
84
78
74
85
88
94
85
100
83
105
68
81
73
69
82
85
85
83
79
81
84
66
97
88
72
98
85
96
77
81
87
75
91
90
102
85
72
89
75
79
73
96
74
88
115
92
80
84
91
77
76
79
75
106
87
92
99
88
76
87
80
112
89
78
94
100
104
80
95
89
66
81
83
75
83
85
85
80
90
76
90
93
90
80
79
92
80
79
74
83
79
80
92
59
74
81
83
106
104
90
85
81
76
79
70
79
103
84
93
88
77
93
71
78
82
83
82
73
71
85
94
78
89
83
84
91
74
90
95
92
89
97
88
84
83
92
78
81
110
69
87
90
